#start
5 5 500 500

#head
40 320 60 340 H1
60 340 80 340 H2
80 340 100 320 H3
100 320 80 260 H4
80 260 80 200 H5
80 200 140 200 H6
140 200 140 260 H7
140 260 120 320 H8
120 320 140 340 H9
140 340 160 340 H10
160 340 180 320 H11
180 320 180 260 H12
180 260 160 200 H13
160 200 180 140 H14
180 140 160 80 H15
160 80 120 60 H16
120 60 100 60 H17
100 60 60 80 H18
60 80 40 140 H19
40 140 60 200 H20
60 200 40 260 H21
40 260 40 320 H22

#body
180 140 240 160 B1
240 160 300 160 B2
300 160 320 120 B3
320 120 340 120 B4
340 120 340 100 B5
340 100 320 100 B6
320 100 320 40 B7
320 40 280 40 B8
280 40 280 60 B9
280 60 260 60 B10
260 60 260 40 B11
260 40 220 40 B12
220 40 220 60 B13
220 60 180 60 B14
180 60 180 40 B15
180 40 140 40 B16
140 40 140 60 B17
140 60 120 60 B18
120 60 120 40 B19
120 40 80 40 B20
80 40 80 70 B21

#ears
60 300 60 240 E1
160 300 160 240 E2

#eyes
80 160 100 160 E1
100 160 100 140 E2
100 140 80 140 E3
80 140 80 160 E4

120 160 140 160 E5
140 160 140 140 E6
140 140 120 140 E7
120 140 120 160 E8

#mouth
100 120 120 120 M1
120 120 110 100 M2
110 100 100 120 M3
